100
50 5 10 100
50 5 30 100
50 5 50 100
500 5 10 100
50 500 30 100
50 5 500 100
50 5 10 500
500 500 500 500
50 5 50 100
50 5 10 100
50 5 10 100
50 5 30 100
50 5 50 100
50 5 10 100
50 5 30 100
50 5 50 100
50 5 10 100
50 5 30 100
50 5 50 100
50 5 10 100
50 5 10 100
50 5 30 100
50 5 50 100
50 5 10 100
50 5 30 100
50 5 50 100
50 5 10 100
50 5 30 100
50 5 50 100
50 5 10 100
50 5 10 100
50 5 30 100
50 5 50 100
50 5 10 100
50 5 30 100
50 5 50 100
50 5 10 100
50 5 30 100
50 5 50 100
50 5 10 100
50 5 10 100
50 5 30 100
50 5 50 100
50 5 10 100
50 5 30 100
50 5 50 100
50 5 10 100
50 5 30 100
50 5 50 100
50 5 10 100
50 5 10 100
50 5 30 100
50 5 50 100
50 5 10 100
50 5 30 100
50 5 50 100
50 5 10 100
50 5 30 100
50 5 50 100
50 5 10 100
50 5 10 100
50 5 30 100
50 5 50 100
50 5 10 100
50 5 30 100
50 5 50 100
50 5 10 100
50 5 30 100
50 5 50 100
50 5 10 100
50 5 10 100
50 5 30 100
50 5 50 100
50 5 10 100
50 5 30 100
50 5 50 100
50 5 10 100
50 5 30 100
50 5 50 100
50 5 10 100
50 5 10 100
50 5 30 100
50 5 50 100
50 5 10 100
50 5 30 100
50 5 50 100
50 5 10 100
50 5 30 100
50 5 50 100
50 5 10 100
50 5 10 100
50 5 30 100
50 5 50 100
50 5 10 100
50 5 30 100
50 5 50 100
50 5 10 100
50 5 30 100
50 5 50 100
50 5 10 100